transect	T01d	T01s	T07d	T07s	T13d	T13s	T19d	T19s	T25d	T25s	T37d	T37s	T43d	T43s	T49d	T49s	T55d	T55s	T61d	T61s	T67d	T67s	T71d	T71s	T75d	T75s	T79d	T79s	T04d	T04s	T16d	T16s	T10s	T22d	T22s	T28d	T28s	T34d	T34s	T40d	T40s	T46d	T46s	T51d	T51s	T58d	T58s	T64d	T64s	T69s	T73d	T73s	T77d	T77s	T81d	T81s
Rock (RCK)	0	0	0	0	0	0	0	0	0	0	0	0	0	0	0	0	0	0	0	0	0	0	0	0	0	0	0	0	0	0	0	0	0	0	0	0	0	0	0	0	0	0	0	0	0	0	0	0	0	0	0	0	0	0	0	0
Sand (SND)	4,435483871	0	0,801603206	0	0	0	0	0	0,8	0	0	0	0	0	0	0	0	0	0,2	0	0	0	1,40562249	0	32,26452906	6,8	2,874743326	17,06827309	4,422110553	1,276595745	8,216432866	2,808425276	0	5,823293173	1,303911735	2,311557789	6,3	0,401203611	0	0,100200401	0	0	0	0	0	0	0	0,8	0	0	0	0,200400802	0	0	0	0,8
Silt (SIL)	0	0	0	0	0	0	0	0	0	0	0	0	0	0	0	0	0	0	0	0	0	0	0	0	0	0	0	0	0	0	0,100200401	0	0	0	0	0	0	0	0	0	0	0	0	0	0	0	0	0	0	0	0	0	0	0	0	0
Dead coral rock (CR)	0	0	0	0	0	0	0	0	0	0	0	0	0	0	0	0	0	0	0	0	0	0	0	0	0	0	0	0	0	0	0	0	0	0	0	0	0	0	0	0	0	0	0	0	0	0	0	0,8	0	0	0,803212851	0	0	0	0	0
Rubble (RBL)	0	0	0	0	0	0	0	0	0	0	0	0	0	0	0	0	0	0	0	0	0	0	0	0	0	0	0	0	0	0	0	0	0	0,401606426	0	0	0	0	0	0	0	0	0	0	0	0	0	0	0	0	0	0	0	0	0	0
Acanthastrea (ACANT)	0	0	0	0	0	0	0	0	0	0	0	0	0,21141649	0	0	0	0	0,421052632	0	0	0	0	0	0	0	0	0	0	0,100502513	0,106382979	0	0	0	0,200803213	0	0	0	0	0	0	0	0	0	0	0,402414487	0,6	0	0	0	0	0	0	0	0	0	0
Acropora arborescent table (ACTA)	0	0	0	0	0	0	0	0	0	0	0	0	0	0	0	0	0	0	0	0	0	0	0	0	0	0	0	0	0	0	0	0	0	0	0	0	0	0	0	0	0	0	0	0	0	0	0	0	0	0	0	0	0	0	0	0
Acropora corymbose (ACO)	0	4,208416834	0	3,6	0	0	0	0	0	0	0	0	0	0	0	0,669642857	0,2	2,947368421	0	0	0	0	0	0	0	0,8	0	0	0	1,595744681	0	0	0	0	0	0	0	0	0	0	0	0	0	1,10330993	0,301810865	0	0	0	0	0	0	0	0	0	0	0,6
Acropora digitate (ACD)	0	0	0	0	0	0	0	0	0	0	0	0	0	0	0	0	0	0	0	0	0	0	0	0	0	0	0	0	0	0	0	0	0	0	0	0	0	0	0	0	0	0	0	0	2,414486922	0	0	0	0	0	0	0	0	0	0	0
Acropora juvenile (ARCJUV)	0	0	0	0	0	0	0	0,235294118	0	0	0	0	0	0	0,200400802	0	0,4	0	0	0	0	0	0	0	0,200400802	0,2	0	0,803212851	0	0,85106383	0,100200401	0,100300903	0,101317123	0	0,100300903	0	0	0,100300903	0	0	0	0	0,903954802	0	0,100603622	0	0,404040404	0	0	0,363636364	0	0,801603206	0,203665988	0	0,200803213	0
Acropora palifera (ACP)	0,403225806	24,6492986	0	2,2	0,200400802	1,425661914	0	0	0	0,200400802	0,202020202	0	0	0	0	0	0	0	0	1,6	0	12,2	0	5,611222445	0	9,4	0	5,421686747	0	11,91489362	0	0	0,810536981	0,803212851	24,87462387	0	0	0,100300903	0	0,801603206	0	0,308959835	0	0	1,710261569	0	0,808080808	1,4	8,4	0,727272727	0	13,62725451	0	1,807228916	0,602409639	5,8
Acropora recruit (ARCREC)	0	0	0	0	0	0	0	0	0,2	0	0	0	0	0	0,200400802	0	0	0,210526316	0	0,2	0	0	0	0	0	0	0	0	0	0,425531915	0	0	0	0	0	0	0	0	0	0	0	0	0	0	0	0	0,808080808	0	0	0	0	0	0,203665988	0	0,200803213	0
Acropora short branching stag (ACB)	7,862903226	4,408817635	0,200400802	4,8	0	0,610997963	0	3,529411765	1,8	0	0	0	1,057082452	1,6563147	3,607214429	11,38392857	5,6	7,789473684	3	0,6	3,206412826	1,4	1,204819277	1,20240481	1,803607214	1,6	0	2,81124498	1,909547739	0,531914894	0,200400802	0,802407222	0,303951368	4,718875502	7,221664995	0,904522613	0,6	0,802407222	0,100502513	0	0	1,544799176	11,52542373	66,90070211	28,26961771	1	1,616161616	1,2	0,6	1,818181818	2,208835341	1,20240481	0,407331976	0,200803213	0,602409639	2,2
Acropora staghorn (ACS)	0	0	0	0	0	0	0	0	0	0	0	0	0	0	0	0	0	0	0	0	0	0	0	0	0	0	0	0	0	0,531914894	0	0	0	0	0	0	0	0	0	0	0	0,102986612	3,389830508	0	0	0	0	0	0	0	0	0	0	0	0	0
Acropora tabular (ACT)	0	0,801603206	0	0	0	0	0	0	0	0	0	0	0	0	0	0	0	0	0	0	0	0	0	0	0	0	0	0	0	0	1,703406814	0	0	0	0	0	0	0	0	0	0	0,720906282	3,050847458	9,62888666	0	0	0	0	0	0	0	0	0	0	0	0
Anomastrea (ANOM)	0	0	0	0	0	0	0	0	0	0	0	0	0	0	0	0	0	0	0	0	0	0	0	0	0	0,2	0	0	0	0	0	0	0	0	0	0	0	0	0	0	0	0	0,225988701	0	0	0	0	0	0	0	0	0,601202405	0	0	0	0
Astreopora (ASTR)	0	0	0,801603206	0	0	0,203665988	0,8	0	0	0	2,626262626	4,2	0,422832981	0	7,014028056	0,446428571	0,8	0	0	0	1,002004008	0,8	0,200803213	0,601202405	0	0,2	0	1,40562249	0	0	0,501002004	0,100300903	0	0,301204819	0,501504514	0,100502513	1,5	0	0,301507538	0	0,428724544	0	0,338983051	0	0,100603622	0	0	0,8	0,8	0,363636364	0	1,20240481	0,610997963	1,204819277	0	0
Branching Hard Coral Unident (CB)	0	0	0	0	0	0	0	0	0	0	0	0	0	0	0	0	0	0	0	0	0	0	0	0	0	0	0	0	0	0	0	0	0	0	0	0	0	0	0	0	0	0	0	0	0	0	0	0	0	0	0	0	0	0	0	0
Coscinaraea (COSC)	0	0	0	0	0	0,610997963	0,2	0,235294118	0	0	0,404040404	0,4	0,634249471	0	0	0	0	0	0	0	0	0	0	0,400801603	0	0	0	0	0	0	0	0	0	0	0	0	0,1	0,100300903	0	0	0	0,102986612	0	0	0	0	0	0	0	0,363636364	0	0	0	0	0	0
Cycloseris (CYCL)	0	0	0	0	0	0	0	0	0	0	0	0	0	0	0	0	0,2	0	0	0	0	0	0	0	0	0	0	0	0	0	0	0	0	0	0	0	0	0	0	0	0	0	0	0	0	0	0	0	0	0	0	0	0	0	0	0
Cynarina (CYAN)	0	0	0	0	0	0	0	0	0	0	0	0	0	0	0	0	0	0	0	0	0	0	0,200803213	0	0	0	0	0	0	0	0	0	0	0	0	0	0	0	0	0	0	0	0	0	0	0	0	0	0	0	0	0	0	0	0	0
Cyphastrea (CYPH)	0	0	0	0	0,200400802	0	0	0,235294118	0	0	0	0	0,21141649	0	0	0	0	0,631578947	0	0	0	0	0	0	0,200400802	0	0	0	0,100502513	0	0	0	0	0	0	0,100502513	0	0,601805416	0	0	0	0	0	0	0	0	0	0	0	0	0,401606426	0	0,203665988	0	0	0,2
Diaseris (DIAS)	0	0	0	0	0	0	0	0	0	0	0	0	0	0	0	0	0	0	0	0	0	0	0	0	0	0	0	0	0	0	0	0	0	0	0	0	0	0	0	0	0	0	0	0	0	0	0	0	0	0	0	0	0	0	0	0
Echinophyllia (ECHIPH)	0	0	0	0	0	0	0	0	0	0	0	0	0	0	0	0	0	0	0	0	0	0	0	0	0	0	0	0	0	0	0	0	0	0	0	0	0	0	0	0	0	0	0	0	0	0	0	0	0,2	0	0	0	0,407331976	0	0	0
Echinopora (ECHIO)	5,846774194	6,012024048	0,801603206	1	0	0,814663951	2,2	1,647058824	0,2	2,805611222	0	0	0,422832981	0	0	0	1	4,631578947	3	0	9,418837675	1,2	2,008032129	0,200400802	2,004008016	2,4	1,642710472	0	0,804020101	0,744680851	1,30260521	0,802407222	0	6,124497992	7,221664995	0	0,8	1,905717151	0	1,20240481	0	3,089598352	0,11299435	0,200601805	0,201207243	2,2	2,02020202	0	0	0	1,807228916	0,200400802	3,258655804	1,204819277	1,004016064	3
Encrusting Hard Coral Unident (CE)	0	0	0	0	0	0	0	0	0	0	0	0	0	0	0	0	0	0	0	0	0	0	0	0	0	0	0	0	0	0	0	0	0	0	0	0	0	0	0	0	0	0	0,11299435	0	0	0	0	0	0	0	0	0	0	0	0	0
Favia (FAVA)	0,806451613	0,200400802	0,400801603	0	0	0,203665988	0,8	0,941176471	0,2	0,200400802	0	0,6	0,21141649	0	0	0	0,6	0	1	0,2	0,400801603	1	0,602409639	0,601202405	0,400801603	0,2	1,642710472	0,602409639	0,100502513	0,744680851	0,300601202	0,200601805	0	1,606425703	0,200601805	0	3,2	0,200601805	0	0,801603206	0	1,235839341	0	0	0,100603622	0,8	0,202020202	0,4	0,6	0	1,40562249	0	3,054989817	0	3,614457831	1,2
Favites (FAVT)	0,60483871	0,601202405	0,200400802	0,8	0,200400802	0,610997963	0	0,470588235	0	0,200400802	0,202020202	0	0	0,82815735	0,200400802	2,232142857	1,4	0,631578947	1,4	0,2	0,200400802	0,2	0,602409639	0,400801603	0	0,4	0,410677618	0,200803213	0,301507538	0,531914894	0,100200401	0,501504514	0	0,200803213	0,401203611	0,301507538	0,4	1,003009027	0	2,104208417	0,535905681	0,308959835	0,903954802	0	4,325955734	2,4	1,616161616	2	1,6	0,727272727	0,401606426	0,601202405	1,83299389	0,200803213	0,200803213	1,2
Foliose Hard Coral Unident (CF)	0	0	0	0	0	0	0	0	0	0	0	0	0	0	0	0	0	0	0	0	0	0	0	0	0	0	0	0	0	0	0	0	0	0	0	0	0	0	0	0	0	0	0	0	0	0	0	0	0	0	0	0	0	0	0	0
Fungia (FUNG)	0	0	0,200400802	0	0	0	0	0	0	0,400801603	0	0	0	0	0	0	0,2	0	0	0	0,200400802	0	0	0	0	0	0	0	0	0	0	0,902708124	0	0	0	0	0	0	0	0,100200401	0	0	0	0,100300903	0	0,2	0	0,4	0,2	0	0	0	0,203665988	0,602409639	0,602409639	0
Galaxea astreata (GALA)	0	0	0	0	0	0	0	0	0	0	0	0	0	0	0	0	0	0	0	0	0	0	0	0	0	0	0	0	0	0	0	0,300902708	0	0	0	0	0	0	0	0	0	0	0	0	0	0	0	0	0	0	0	0	0	0	0	0
Galaxea fascicularis (GALF)	0,60483871	0	0	0	0	0	0	0	0	0	0	0	0	0	0	0	0,2	0,421052632	0,2	0,4	0	0	0	0	0,200400802	0	0	0,200803213	0	0,744680851	0	0	0	0,200803213	0	0	0	0	0	0	0	0,720906282	0	0	0	0	0	0,2	0	0	0	0	0	0	0,401606426	0
Gardineroseris (GARD)	0,806451613	0	0	0	0	0	0	0	0	0	0	0	0	0	0	0	0	0	0,2	0	0	0	0	0	0	0	0	0,200803213	0	0	0	0,200601805	0	0,803212851	0	0	0	0	0	0	0	2,471678682	0	0	0	0	0	0	0	0	0,200803213	0	0,814663951	0	0,401606426	0,4
Goniastrea (GONIA)	1,411290323	0,400801603	0,200400802	0	0	0,814663951	2,6	0,235294118	0,4	1,20240481	0	0	0	0	2,004008016	0	1,8	0	2,6	0	2,404809619	1,4	1,807228916	2,004008016	1,402805611	0,2	3,490759754	2,008032129	1,306532663	0,319148936	0,601202405	1,003009027	0	2,108433735	0,200601805	0	0	0	0	0	0	0,514933059	0	0	1,307847082	0,6	4,04040404	0,2	0,2	0	2,81124498	0,400801603	4,887983707	0	1,004016064	0,8
Goniopora (GONP)	0	0	0	0	0	0	0	0	0	0	0	0	0	0	0	0	0,2	0	0	0	0	0	0	0	0	0	0	0	0,201005025	0	0	0	0	0	0,100300903	0	1	0	0	0,200400802	0	0,61791967	5,536723164	0	0	0,2	0	0	0	0	0	0	0	0	0	0
Halomitra (HALOM)	0	0	0	0	0	0	0	0	0	0	0	0	0	0	0	0	0	0	0	0	0	0	0	0	0	0	0	0	0	0	0	0	0	0	0	0	0	0	0	0	0	0	0	0	0	0	0	0	0	0	1,40562249	0	0	0	0	0
Herpolitha (HERP)	0	0	0	0	0,200400802	0	0	0	0	0	0	0	0	0	0	0	0	0	0	0	0	0	0	0	0	0	0	0	0	0,106382979	0	0	0	0	0	0	0,1	0	0	0	0	9,268795057	0	0	0,503018109	1,2	0,404040404	0	0	0	0	0	0	0	0	0
Hydnophora (HYDN)	0	0	0	0	0	0,203665988	1,2	0	0	0,200400802	0	0	0	0	2,004008016	0	0,2	0,210526316	0,4	0	0	0	1,606425703	0,801603206	0	0	0	3,012048193	1,306532663	0,106382979	0,300601202	0,300902708	0	0,502008032	1,203610832	0	1,1	0,100300903	0,201005025	0,400801603	1,286173633	1,029866117	0,903954802	0,100300903	0,905432596	2,2	0	0,6	0,8	2,545454545	2,81124498	0	0,407331976	0	0	0,6
Leptastrea (LEPT)	0,806451613	0,400801603	0	0,8	0,200400802	1,018329939	2,2	0,470588235	1,2	0,601202405	0,202020202	0,2	0	1,035196687	0,200400802	2,232142857	1,8	2,526315789	1,2	0	0	1,8	0,401606426	1,803607214	0,400801603	0,2	0,410677618	0,200803213	0	0,212765957	0	0,100300903	0	0	1,203610832	0	0	0	0	0	0	0,205973223	0	0	0,100603622	0	3,636363636	0	0,8	0,727272727	0	1,002004008	0,610997963	1,004016064	0,401606426	0
Leptoria (LEPTO)	0	0,801603206	0	0	0	0	1	0,235294118	0	0	0	0	0	0	0,200400802	1,5625	1,2	0,421052632	0,2	0,6	0	0,8	0	0,601202405	0	1,6	0	3,012048193	0	0	0	0	0	0	0	0	0,2	0	0	0	0	0	0	0	0	0	0	0	0	0	0	3,607214429	0	1,004016064	0	0,6
Leptoseris (LPTOS)	0	0	0	0	0	0	0,2	0	0	0	0	0	0,21141649	0	0	0	0	0	0,2	0	0	0	0	0	0	0	0	0	0	0	0	0	0	0	0	0	0	0	0	0	0	0	0	0	0	0	0	0	0	0	0	0	0	0	0	0
Lobophyllia (LOBOP)	2,016129032	0	0	0	0	0	0	0	0	0	0	0	0	0	0	0	0	0	3,8	0,6	4,809619238	0	2,409638554	0	0	0	0	0	0	0	0	0	0	0,200803213	0,100300903	0	0	0	0	0	0	0	0	0	0	0	0	0	0	0	5,62248996	0,200400802	4,684317719	0	0	0
Massive Hard Coral Unident (CM)	0	0	0	0	0	0	0	0	0	0	0	0	0	0	0	0	0	0	0,2	0	0	0	0	0	0	0	0	0	0	0	0	0	0	0	0	0	0	0	0	0	0	0,823892894	0	0	0	0	0	0	0	0	0	0	0	0	0	0
Merulina (MER)	0	0	0	0	0	0	0	0	0	0	0	0	0	0	0	0	0	0	0	0	0	0	0	0	0	0	0	0	0	0	0	0	0	0	0	0	0	0	0	0	0	0	0	0	0	0	0	0	0	0	0,602409639	0	0	0	0	0
Micromussa (MICRO)	0	0	0	0	0	0	0	0	0	0	0	0	0	0	0	0	0	0	0	0	0	0	0	0	0	0	0	0	0	0	0	0,100300903	0	0,200803213	0	0	0	0	0	0	0	0,720906282	0	0	0	0	1,01010101	0	0	0	0	0	0	0	0	0
Montastrea (MONTA)	0,806451613	0,200400802	0	0	0	0,203665988	0	0	0	0	0	0	0	0	0,601202405	0	0	0	0	0	0	0	0,401606426	0,200400802	0,200400802	0	0	0	0	0	0	0	0	0	0	0	0	0	0	0	0	0	0	0	0	0	0	0	0	0	0	0,400801603	0	0	0	0
Montipora branching (MNTB)	0	0	0	0	0	0	0	0	0	0	0	0	0	0	0	0	0	0	0	0	0	0	0	0	0	0	0	0	1,005025126	0,319148936	0	0,702106319	0	0	1,003009027	0,804020101	7,7	0,300902708	1,507537688	1,20240481	0,643086817	0,61791967	0,564971751	1,003009027	0,804828974	0	4,444444444	0	1,8	0	0	0	0	0	0	0
Montipora encrusting (MNTE)	0	1,603206413	0,400801603	1,4	0	1,629327902	0	0,235294118	0	2,204408818	0	1,6	0,634249471	2,898550725	2,404809619	3,348214286	0,2	5,894736842	0,8	8	0	1	0	2,004008016	0,200400802	0,8	0,205338809	0,401606426	0	0	0	0	0	0	0	0	0	0,100300903	0	0	0	0,411946447	0	0	0	0	0	0	0	0	0,602409639	5,410821643	1,83299389	0,803212851	1,004016064	1,2
Mycedium (MYC)	0	0	0	0	0	0	0,2	0	0	0	0	0	0	0	0	0	0,2	0	1	0	0	0	0,200803213	0	0	0	0	0	0	0	0	0	0	0	0	0	0	0	0	0	0	1,338825953	0	0	0	0	0	0	0	0	3,815261044	0	0	0	0	0
Oulophyllia (OULO)	0	0	0	0	0	0	0	0	0	0	0	0	0	0	0	0	0	0	0,2	0	0	0	0	0	0	0	0	0	0	0	0	0	0	0	0	0	0	0	0	0	0	0	0	0	0	0	0	0	0	0	0	0	0	0	0	0
Oxypora (OXYP)	0	0	0	0	0	0	0	0	0	0	0	0	0	0	0	0	0	0	0	0	0	0	0	0	0	0	0	0	0	0	0,601202405	0	0	0	0	0	0	0	0	0	0	1,441812564	0	0	0	0	0	0	0	0	0	0	0	0	0	0
Pachyseris (PACH)	0	0	0	0	0	0	0	0	0	0	0	0	0	0	0	0	0	0	0	0	0	0	0	0	0	0	0	0	0	0,212765957	0	0,200601805	0	0,401606426	0,601805416	0	0,5	0,200601805	0	0	0	1,956745623	0,903954802	0,300902708	0	0,6	2,424242424	0,2	0,4	0	0	0	0,203665988	0	0	0
Pavona (PAV)	0,403225806	0,801603206	1,20240481	0,2	0	0	0,4	0,235294118	0,2	0	0	0	0,422832981	0	0,400801603	0,446428571	1,4	0,421052632	0,8	0,6	0,400801603	2,4	0	2,605210421	0,400801603	0	0,410677618	1,204819277	0	0	0	0	0	0	0	0	0	0	0	0	0	0	0	0	0	0	0	0	0	0	0,401606426	5,811623246	3,054989817	1,204819277	2,610441767	0,6
Pectinia (PECT)	0	0	0	0	0	0	0	0	0	0	0	0	0	0	0	0	0	0	0	0	0	0	0	0	0	0	0	0	0	0	1,402805611	0	0	0	0	0	0	0	0	0	0	0,308959835	0	0	0	0	0	0	0	0	0	0	0	0	0	0
Physogyra (PHYS)	0	0	0,200400802	0	0	0	0	0	0	0	0	0	0	0	0	0	0	0	0	0	0	0	8,634538153	0	0	0	0	0	0,201005025	0	0	0,300902708	0	0,401606426	0,401203611	0,100502513	0,1	0,200601805	0	0,300601202	0	0	0	0	0,704225352	2,2	0	0	0	0	13,65461847	0	1,018329939	0	0	0
Platygyra (PLATY)	0	0,200400802	0,400801603	1,6	0	0,203665988	0,8	0,470588235	0,2	0	0	0	0	0	0	0	0,8	0	0,2	0	0	0	0,200803213	0	0	0	0,410677618	0	0	0	0	0	0	0,100401606	0,100300903	0	0	0	0	0	0	0	0	0	0	0	0	0	0	0	0	0,400801603	0,407331976	0	1,606425703	0,2
Plesiastrea (PLES)	0,60483871	0,200400802	0	0	0	0,203665988	0	0,235294118	0	0	0	0	0	0	1,002004008	0	0	0,210526316	0	0	0	0	0	0	0	0	0	0	0	0	0	0	0	0	0	0	0	0	0	0	0	0	0	0	0	0	0	0	0	0	0	0	0	0	0	0
Pleurogyra (PLEU)	0	0	0	0	0	0	0	0	0	0	0	0	0	0	0	0	0	0	0	0	0	0	0	0	0	0	0	0	0,301507538	0,531914894	0	0,100300903	0,101317123	0,401606426	0,501504514	0	0,5	0,702106319	0	0,300601202	0,107181136	2,162718847	0,11299435	0,100300903	0,201207243	2	0,606060606	0,6	1,8	1,818181818	0	0	0	0	0	0
Pocillopora damicornis (POCD)	0,806451613	0,601202405	3,006012024	1	0,400801603	0,203665988	0,2	0	1,4	0	0	0,4	0	0	0	0,223214286	0,6	0,210526316	0,2	0	1,20240481	0,2	0,401606426	0,801603206	3,206412826	0,8	2,05338809	0,602409639	0	1,595744681	0	0,401203611	0	2,008032129	0,200601805	0	0	0,300902708	0	0,400801603	1,822079314	0	0	0	0,402414487	0,2	1,212121212	0,6	0	0	1,606425703	0,200400802	2,647657841	0	1,807228916	0,2
Pocillopora eydouxi (POCE)	1,411290323	0,400801603	0	1,2	0	0	0	0,235294118	0	0,801603206	0	0,6	0	0	0	0	0,2	1,263157895	0	0	0	0,2	0	0	0	0	0	0	0	0	0	0,200601805	0	0,301204819	0	0	0	4,81444333	0,201005025	0	0	0	0,225988701	0	1,207243461	0,8	0	0	0	1,818181818	0,200803213	0,601202405	1,221995927	0,401606426	0	0
Pocillopora indiana (POCI)	0	0	0	0,2	0	0	0	0	0,4	1,002004008	0	0	0	0	0	0	0,4	0,631578947	0	0	0	2,2	0	0	0,400801603	0	0	0	0	0	0	0	0	0	0	0	0	0	0	0	0	0	0	0	0	0	0	0	0	0	0,602409639	0	0	0	0	0,6
Pocillopora other (POCO)	0	0	0	0	0	0	0	0	0	0	0	0	0	0	0	0	0	0	0	0	0	0	0	0	0	0	0	0	1,306532663	0,957446809	0,200400802	0,200601805	0,101317123	0,903614458	0,802407222	0	0	0,401203611	0,603015075	0	1,071811361	0	0,451977401	0	0,100603622	0,6	0	0	0	0,363636364	0	0	0	0	0	0
Pocillopora verrucosa (POCV)	1,008064516	1,20240481	0	1,2	0	0,407331976	0,6	0,470588235	1	0,400801603	0	0	0	0,207039337	0	0	0,6	0,210526316	0	0	0	0,8	0,602409639	0	0,400801603	1,6	0,410677618	0	0	0	0,100200401	0	0	0	0	0	0	0	0	0	0	0	0	0	0	0	0	0	0	0	0,803212851	0,200400802	0,203665988	0,602409639	0	1,8
Podabacia (PODA)	0	0	0	0	0	0	0	0	0	0	0	0	0	0	0	0	0	0	0	0	0	0	0	0	0	0	0	0	0,603015075	2,446808511	0,601202405	4,012036108	0	4,618473896	4,012036108	0,100502513	2,9	0	0	1,002004008	0	3,192584964	3,163841808	0,702106319	0	0,4	1,212121212	0	4,2	0	0	0	0	0	0	0
Porites branching (PORB)	3,225806452	4,008016032	1,402805611	2,6	0,400801603	1,221995927	5,8	2,352941176	1,4	4,008016032	3,636363636	0	0,21141649	0,82815735	0,400801603	0,223214286	6,2	1,263157895	2,2	2	3,607214429	11,6	0,200803213	1,803607214	1,20240481	3,2	5,544147844	6,425702811	6,532663317	1,382978723	1,102204409	7,4222668	0,607902736	6,626506024	6,519558676	5,226130653	2	1,203610832	0,804020101	4,308617234	5,359056806	4,11946447	2,937853107	1,10330993	0,60362173	1,2	0	2,2	3,6	6,181818182	0,200803213	2,404809619	3,054989817	5,421686747	9,437751004	10
Porites massive (PORM)	6,85483871	4,408817635	1,20240481	2,8	0	1,018329939	9,6	2,352941176	1,8	3,607214429	0,202020202	1,2	2,114164905	1,035196687	5,01002004	2,008928571	7,6	1,684210526	1,4	3,6	2,605210421	2	1,204819277	5,611222445	8,216432866	7	2,874743326	16,66666667	0	0	0,100200401	0	0	0	0	0,100502513	0	0	0	0	0	0	0	0	0	0	0	0	0	0	0	8,416833667	1,221995927	0	6,425702811	17,8
Psammocora (PSAM)	0	0	0,400801603	0	0,200400802	0	0	0	0	0	0	0	0	0	0	0	0	0	0	0	0	0	0	0	0	0	0,205338809	0	0	0	0	0	0	0	0	0	0	0	0	0	0	0	0	0	0	0	0	0	0	0	0	0	0,203665988	0	0	0
Seriatopora (SERI)	0	0	0	0	0	0	0	0	0	0	0	0	0	0	0	0	0	0	0	0	0	0	0	0	0	0	0	0	0	0	0	0	0	0	0	0	0	0	0	0	0	0	0	0	0	0	0	0	0	0	0	0	0	0	0	0
Stylocoeniella (STYLA)	0	0	0	0	0	0	0	0	0	0	0	0	0	0	0	0	0	0	0	0	0	0	0	0	0	0	0	0	0	1,595744681	0	0,200601805	0	0	1,604814443	0	0,6	0	0	0,300601202	0	0	0	0	0	0	0,404040404	0	1,2	0	0	0	0	0	0	0
Stylophora (STYL)	0	1,803607214	0	0,4	0	0,203665988	0	1,411764706	0	2,605210421	0	0	0	0	0	0	0	0	0	0,6	0	0,8	0,200803213	0,601202405	0	0	0	0	0,201005025	0	0	0	0	0	0	0	0	0	0	0	0	0	0	0	0	0	0	0	0	0	0	0	0	0,602409639	0	0
Symphyllia (SYMP)	0	0	0	0	0	0	0	0	0	0	0	0	0	0	0	0	0	0	0	0	0	0	0	0	0	0	0,205338809	0	0	0	0	0	0	0	0	0	0	0	0	0	0	0	0	0	0	0	0	0	0	0	0	4,408817635	0	0	0	0
Tubastrea (TUBAS)	0	0	0	0	0	0	0	0	0,2	0,801603206	0	0	0	0	0	0	0	0	0	0	0	0	0	0	0	0	0	0	0	0	0	0	0	0	0	1,105527638	0,2	0	0	0	0	0	0	0	0	0	0	0	0	0	0	0	0	0	0	0
Turbinaria (TURB)	0	0	0	0	0	0	0	0,235294118	0	0	0	1	0	0	1,002004008	0	1,6	1,052631579	0	0	0	0	1,004016064	0	0	0	0	0	0	1,170212766	0	0	0	0	0	0	0	0	0	0	0	0	0	0	0	0	0	0	0	0	0	0	0	0	0	0
Unkown coral (UNK)	0	0	0	0	0	0	0	0	0	0	0	0	0	0	0	0	0	0	0	0	0	0	0	0	0	0	0	0	0	0	0	0	0	0	0	0	0	0	0	0	0	0	0	0	0	0	0	0	0	0	0	0	0	0	0	0
Millepora (MILL)	0,201612903	0,801603206	1,002004008	1	0,200400802	7,942973523	1,4	5,882352941	4,6	6,412825651	4,444444444	0,2	0	2,277432712	0	1,5625	0	0,210526316	0,2	0	0	1,2	0	1,002004008	0	0	0	0	0	0	0	0	0	0	0	0	0	0	0	0	0	0	0	0	0	0	0	0	0	0	0,200803213	1,20240481	0	1,204819277	0	0,4
Gorgonia (GORG)	0	0	0	0	0	0	0	0	0	0	0	0	0	0	0	0	0	0	0	0	0	0	0	0	0	0	0	0	0	0	0	0	0	0	0	0	0	0	0	0	0	0	0	0	0	0	0	0	0	0	0	0	0	0	0	0
Heliopora (HELIO)	0	0	0	0	0	0	0	0	0	0	0	0	0	0	0	0	0	0	0	0	0	0	0	0	0	0	0	0	3,115577889	1,063829787	4,008016032	3,610832497	0	1,204819277	0,200601805	0,40201005	0,4	0,702106319	9,246231156	5,511022044	2,679528403	0	0,903954802	0,300902708	2,515090543	6,8	5,050505051	8,6	0,8	1,090909091	0	0	0	0	0	0
Other soft corals (SCOT)	0,806451613	0,200400802	2,605210421	0,6	0	9,979633401	3,6	36,23529412	0,4	11,42284569	9,494949495	1,8	2,114164905	3,519668737	3,80761523	6,696428571	4,8	6,947368421	11,4	7,2	2,204408818	5,4	1,807228916	3,406813627	1,603206413	0	5,954825462	0,401606426	6,130653266	0,425531915	0,701402806	8,726178536	0	22,38955823	1,203610832	0	0	0	0	12,5250501	0	1,132852729	0,564971751	0	0	27	0	23,2	3,2	0	1,807228916	0	4,276985743	2,409638554	6,425702811	2,2
Rhytisma (RHYT)	22,58064516	2,004008016	12,4248497	1,2	3,006012024	11,20162933	10,8	8,235294118	0,8	0	0,202020202	0	0	0	0	0	12,2	0	14,2	0,2	19,43887776	6,8	18,07228916	9,619238477	10,22044088	0,2	18,89117043	1,204819277	6,331658291	0	5,310621242	0,601805416	0	0,301204819	0	0	0	0	0	0,400801603	0	0	0	0,401203611	0	3	0	0	0	0	24,09638554	3,80761523	12,01629328	21,8875502	25,70281124	1,6
Sarcophyton (SARC)	1,008064516	0	0	0	0	0,203665988	12,8	0	0,8	0,601202405	0	0	0,422832981	0	0	0	1,8	0	1,4	0	1,402805611	0	0,200803213	0,200400802	0,200400802	0	0,205338809	0	0	0	0	0	0	0	0	0	0,8	0	0	0	0	0	0	0,501504514	0	0	0	0	0	0	0	0	0	0	0	0
Tubipora musica (TUBMUS)	0	0	0	0	0	0	0	0	0	0	0	0	0	0	0	0	0	0	0	0	0	0	0	0	0	0	0	0	0	0	0	0	0	0	0	0	0	0	0	0	0	0	0	0	0	0	0	0	0	0	0	0	0	0	0	0
Palythoa sp. (PALYT)	0,201612903	0	0	0	0	0	0	0	0	0	0	0	0	0	0	0	0	0	0	0	0	0	0	0	0	0	0	0	0	0	0	0	0	0	0	0	0	0	0	0	0	0	0	0	0	0	0	0	0	0	0	0	0	0	0	0
Protopalythoa sp. (PROTP)	0	0	0	0	0	0	0	0	0	0	0	0	0	0	0	0	0	0	0	0	0	0	0	0	0	0	0	0	0	0	0	0	0	0	0	0	0	0	0	0	0	0	0	0	0	0	0	0	0	0	0	0	0	0	0	0
Zoanthus sp. (ZOAN)	0	0	0	0	0	0	0,2	0	0	0	0	0	0	0	0	0	0	0	0	0	0	0	0	0	0	0	0	0	0	0	0	0	0	0	0	0	0	0	0	0	0	0	0	0	0	0	0	0	0	0	0	0	0	0	0	0
Discosoma sp. (DISCO)	0	0	0	0	0	0	0	0	0	0	0	0	0	0	0	0	0	0	0	0	0	0	0	0	0	0	0	0	0	0	0	0	0	0	0	0	0	0	0	0	0	0	0	0	0	0	0	0	0	0	0	0	0	0	0	0
Hydrozoan (HYD)	0	0	0	0	0	0,203665988	0,2	0	0	0	0	0	0	0	0	0	0	0	0	0	0	0	0	0	0	0	0	0	0	0	0	0	0	0	0	0	0	0	0	0	0	0	0	0	0	0	0	0	0	0	0	0	0,203665988	0,200803213	0	0
Ascidian (ASC)	0,201612903	0	0	0	0	0	0,2	0	0	0	0	0	0,21141649	0,414078675	0	0	0	0,421052632	0	0	0,200400802	0	0	0	0,200400802	0	0	0	0	0	0	0	0	0	0	0	0	0	0	0	0	0	0	0	0	0	0	0	0	0	0,200803213	0	0	0	0,401606426	0,2
Dead standing hard coral (recent / white) (DC)	0	0	0	0	0	0	0	0	0	0	0	0	0	0	0	0	0	0	0	0	0	0	0	0	0	0	0	0	0	0	0	0	0	0	0	0	0	0	0	0	0	0	0	0	0	0	0	0	0	0	0	0	0	0	0	0
Fine turf algae (TA)	0	0	0	0	0	0	0	0	0	0	0	0,2	0	0,207039337	0	0	0	0	0	0	0	0	0,200803213	0	0	0	0	0	23,51758794	30	42,78557114	44,23269809	7,092198582	29,11646586	12,53761284	53,06532663	33,5	42,22668004	20,40201005	46,39278557	44,05144695	31,82286303	48,92655367	8,124373119	43,66197183	32,4	64,64646465	44,6	28,8	65,45454545	0	0	0	0	0	0
Fine turf algae on dead coral rock (CRTA)	28,02419355	33,06613226	49,498998	70	69,53907816	55,39714868	32,6	27,05882353	69,8	50,3006012	17,37373737	12,4	22,62156448	50,93167702	50,3006012	66,29464286	31,6	57,89473684	40,8	71,8	23,84769539	41,4	48,59437751	55,11022044	27,85571142	59,8	35,72895277	35,54216867	0,804020101	0,85106383	0,400801603	0,300902708	0,202634245	0,502008032	0,802407222	0	0,1	2,407221665	0	0,100200401	0	0,926879506	4,406779661	1,303911735	1,509054326	0,2	0,606060606	1,4	0,2	0,727272727	25,50200803	39,27855711	33,60488798	47,79116466	24,49799197	41,8
Fine turf algae on dead standing coral (DCTA)	1,008064516	1,002004008	0,801603206	0,2	0,400801603	0	0,6	0	0,4	0,801603206	0	0,2	0,21141649	0,207039337	1,20240481	0,223214286	0,2	0	0,4	0	0	0	0,401606426	0,400801603	0,200400802	0	3,901437372	0	20,10050251	0,957446809	6,012024048	3,811434303	0	0,602409639	0,702106319	0,201005025	0	4,613841525	0	1,30260521	0	8,85684861	3,389830508	0,300902708	2,3138833	7,6	0	6,4	0	0	1,40562249	0,200400802	0,610997963	0,803212851	0,200803213	0,4
Fine turf algae on rubble (RBTA)	1,411290323	2,004008016	18,83767535	0,4	15,63126253	0,814663951	1,4	0	4	1,603206413	0,202020202	0	1,268498943	0	3,206412826	0	1,8	0,210526316	4,2	0	10,82164329	0	3,212851406	0,601202405	0,801603206	0,4	5,338809035	0	0	0	0	0	0	0	0	0	0	0	0	0	0	0	0	0	0	0	0	0	0	0	0	0,200400802	0	1,204819277	5,020080321	1,4
Coralline algae (CA)	0,403225806	0,801603206	0	0,2	0,200400802	1,425661914	0	3,294117647	0,8	4,609218437	0,202020202	0	0	0,207039337	0	0	0	0	0	0,2	0	0	0	0,400801603	0	0	0	0	0	0	0	0	0	0	0	0	0	0	0	0	0	0	0	0	0	0	0	0	0	0	1,204819277	3,206412826	0,814663951	0,200803213	0	0
Algal assemblage (AA)	0	0	0	0	0	0	0	0	0	0	0	0	0	0	0	0	0	0	0	0	0	0	0	0	0	0	0	0	10,65326633	24,04255319	11,42284569	8,726178536	3,343465046	2,510040161	18,555667	2,211055276	14	6,519558676	7,135678392	1,20240481	3,751339764	7,621009269	0,903954802	0	0,100603622	0	0	0,4	0	0	0	0	0	0	0	0
Algal assemblage on dead coral rock (CRAA)	0,60483871	2,204408818	1,20240481	0,4	0	0,203665988	2,2	0	1,8	0	1,212121212	1,8	5,496828753	13,2505176	3,607214429	0,446428571	0,8	0,421052632	0,4	1,2	0,200400802	0,2	0,200803213	0,200400802	1,20240481	1,2	0,616016427	0,602409639	0,100502513	0,425531915	0,701402806	0,401203611	0,101317123	0	0,501504514	0	0	1,604814443	0,904522613	0	0	0	0	0	0	0	0	0	0	0	0,803212851	0	0,610997963	0,200803213	1,004016064	0,4
Algal assemblage on dead standing coral (DCAA)	0	0	0	0	0	0	0	0	0	0	0	0	0,845665962	0	0	0	0	0	0	0	0	0	0	0	0	0	0	0	2,010050251	0,106382979	0,200400802	0,702106319	0	0	1,705115346	0	0	0	0	0	0	0,411946447	0	0	0,100603622	0	0	0	0	0	0	0	0	0	0	0
Algal assemblage on rubble (RBAA)	0	0	0	0	0	0	0	0	0	0,200400802	0,202020202	0	0,634249471	0	0,400801603	0	0,2	0	0	0	0,200400802	0	0	0	0	0,2	0	0	0	0	0	0	0	0	0	0	0	0	0	0	0	0	0	0	0	0	0	0	0	0	0	0	0	0	0,602409639	0
Chlorophyte macroalgae (CHLO)	0,201612903	0	0	0	0	0	0	0	0	0	0	0	0	0	0	0	0	0	0	0	0	0	0	0	0	0	0	0	0	0	0	0	0	0	0	0	0	0	0	0	0	0	0	0	0	0	0	0	0	0	0	0	0	0	0	0
Phaeophyte macroalgae (PHAEO)	0	0	0	0	0	0	0	0	0	0	0	0	0	0	0	0	0	0	0	0	0	0	0,200803213	0	0	0	0	0	0	0	0	0	0	0	0	0	0	0	10,35175879	0	1,822079314	0,205973223	1,355932203	1,604814443	0	0	0	0,2	0	0	0	0	0	0	0	0,4
Rhodophyte macroalgae (RHODO)	0,201612903	0	0	0	0	0	0,4	0	0,2	0	0,202020202	0	1,691331924	0,621118012	0,601202405	0	0	0	1	0	1,20240481	0,2	0,200803213	0	0	0	0,205338809	0	0	0	0	0	0	0	0	0	0	0	0	0	0	0	0	0	0	0	0	0	0	0	0	0	0,203665988	0	0,200803213	0,4
Halimeda discoidea (big) (HALD)	0	0	0	0	0,601202405	0	0	0	0,2	0,200400802	0,808080808	0,8	1,057082452	0	0	0	0	0	0	0	0	0	0	0	2,605210421	0,2	3,080082136	0	0,301507538	0	2,705410822	0,902708124	6,585612969	0	0	18,89447236	11,1	6,619859579	32,96482412	5,210420842	31,83279743	0,102986612	0	1,905717151	3,521126761	0	0	1,6	36,2	13,81818182	0	0	8,553971487	0,401606426	2,208835341	0,2
Halimeda opuntia (small) (HALO)	0	0	0	0	7,014028056	0,814663951	2,8	2,117647059	0,2	2,204408818	58,18181818	72,4	55,81395349	19,25465839	10,22044088	0	5,8	0	1	0	7,414829659	2,8	0	0	0	0	0	0	0	0	0	0	0	0	0	0	0	0	0	0	0	0	0	0	0	0	0	0	0	0	0	0	0,814663951	7,228915663	0,602409639	0
Cyanophytes (CYB)	0	0	0	0	0	0	0	0	0	0	0	0	0	0	0	0	0	0	0	0	0	0	0	0	0	0	0	0	0	0	0	0	0	0	0	0	0	0	0	0	0	0	0	0	0	0	0	0	0	0	0	0	0	0	0	0
Cymodocea serrulata (SGCYM)	0	0	0	0	0	0	0	0	0	0	0	0	0	0	0	0	0	0	0	0	0	0	0	0	0	0	0	0	0	0	0	0	0	0	0	0	0	0	0	0	0	0	0	0	0	0	0	0	0	0	0	0	0	0	0	0
Halodule uninervis (SGHADU)	0	0	0	0	0	0	0	0	0	0	0	0	0	0	0	0	0	0	0	0	0	0	0	0	0	0	0	0	0	0	0	0	0,607902736	0	0	0	0	0	0,100502513	0	0	0	0	0	0	0	0	0	0	0	0	0	0	0	0	0
Halophila ovalis (SGHALO)	0	0	0	0	0	0	0	0	0	0	0	0	0	0	0	0	0	0	0	0	0	0	0	0	0	0	0	0	0	0	0	0	0	0	0	0	0	0	0	0	0	0	0	0	0	0	0	0	0	0	0	0	0	0	0	0
Other seagrass (SGOT)	0	0	0	0	0	0	0	0	0	0	0	0	0	0	0	0	0	0	0	0	0	0	0	0	0	0	0	0	0	0	3,507014028	0,200601805	0,303951368	0	0	0	0	0	0,100502513	0	0,107181136	0	0,564971751	0	0	0	0	0,6	0	0	0	0	0	0	0	0
Seagrass detritus (SGDET)	0	0	0,200400802	0,2	0,400801603	0	0,4	0	0,4	0	0	0	0,422832981	0	0	0	0	0	0,4	0	0	0	0	0,400801603	0	0	0	0	0	0	0	0	76,39311044	0	0	0	0	0	11,25628141	0	0	0	0	0	0	0	0	0	0	0	0	0	0,203665988	0	0	0
Thalassodendron ciliatum (SGTHAL)	0	0	0	0	0	0	0	0	0	0	0	0	0	0	0	0	0	0	0	0	0	0	0	0	0	0	0	0	0	0	0	0	0	0	0	0	0	0	0	0	0	0	0	0	0	0	0	0	0	0	0	0	0	0	0	0
Grey encrusting sponge (SPG)	0	0	0	0	0	0	0	0	0	0	0	0	0	0	0	0	0	0	0	0	0	0	0	0	0	0	0	0	2,211055276	0,212765957	1,603206413	0	0,101317123	1,305220884	0,200601805	6,231155779	0	0,702106319	0	0,200400802	0	0	0,11299435	1,10330993	0,201207243	1,4	0,404040404	0,2	0,4	0	0,200803213	0	0	0	0	0
Red encusting sponge (SPR)	2,419354839	0	1,603206413	0	1,002004008	0	1,6	0,470588235	4	0,400801603	0	0	0,422832981	0	0,200400802	0	0	0,210526316	0,2	0,2	0	0	1,204819277	0,200400802	2,004008016	0	2,874743326	0	0	0	0	0	0	0,301204819	0	0	0	0	0	0	0	0,205973223	0	0	0	0	0	0	0	0	2,208835341	0,200400802	1,221995927	0	0,803212851	0
Sponge (SP)	0	0	0	0	0	0	0	0	0	0	0	0	0	0	0	0	1,6	0	0	0	1,002004008	0	0	0	0	0	0	0	0	0	0	0	0	0	0	0	0	0	0	0	0	0	0	0	0	0	0	0	0	0	0	0	0	0	0	0
Sponge foliose (SPF)	0	0	0	0	0	0	0	0	0	0	0	0	0	0	0	0	0	0	0	0	0	0	0	0	0	0	0	0	0	0	0	0	0	0	0	0	0	0	0	0	0	0	0	0	0	0	0	0	0	0	0	0	0	0	0	0
Sponge massive (SPM)	0	0	0	0	0	0	0	0	0	0	0	0	0	0	0	0	0	0	0	0	0	0	0	0	0	0	0	0	0,40201005	0	0	0	0	0	0	0	0	0	0	0	0	0	0	0	0	0	0	0	0	0	0	0	0	0	0	0
Sponge vase (SPV)	0	0	0	0	0	0	0	0	0	0	0	0	0	0	0	0	0	0	0	0	0	0	0	0	0	0	0	0	0	0	0	0	0	0	0	0	0	0	0	0	0	0	0	0	0	0	0	0	0	0	0	0	0	0	0	0
Anemone (ANE)	0	0	0	0	0	0	0	0	0	0	0	0	0	0	0	0	0	0	0	0	0	0	0,200803213	0,200400802	0	0,2	0	0	0	0	0	0	0	0	0	0	0	0	0	0	0	0	0	0	0	0	0	0	0	0	0	0	0	0,200803213	0	0
Holothurian (HOLO)	0	0	0	0	0	0	0	0	0	0	0	0	0	0	0	0	0	0	0	0	0	0	0	0	0	0	0,205338809	0	0	0	0	0	0	0	0	0	0	0	0	0	0	0	0	0	0	0	0	0	0	0	0	0	0	0	0	0,4
Mollusc (MOL)	0	0	0	0	0	0	0	0	0	0	0	0	0	0	0	0	0	0	0	0	0	0	0	0	0	0	0	0	0	0	0	0	0	0	0,100300903	0	0	0	0	0,601202405	0	0	0	0	0	0	0	0	0	0	0	0	0	0	0	0
Tridacna (TRID)	0	0	0	0	0	0	0	0,235294118	0	0	0	0	0	0	0	0	0	0	0	0	0	0	0	0,400801603	0	0	0	0	0	0	0	0	0	0	0,100300903	0	0	0	0,201005025	0	0	0,102986612	0,225988701	0	0	0	0,404040404	0	0	0	0	0	0	0	0	0,4
Unidentified (UID)	0	0	0	0	0	0	0	0	0,2	0	0	0	0	0	0	0	0	0	0	0	0	0	0	0	0	0	0	0	0	0	0	0	0	0	0	0	0	0	0	0	0	0	0	0	0	0	0	0	0	0	0	0	0	0	0,200803213	0
Urchin (URCH)	0	0	0	0	0	0	0	0	0	0	0	0	0	0,621118012	0	0	0	0	0	0	0	0	0	0	0	0,2	0,205338809	0	0	0	0	0	0	0	0	0	0	0	0	0	0	0	0	0	0	0	0	0	0	0	0	0	0	0	0	0
