transect	T01d	T01s	T07d	T07s	T13d	T13s	T19d	T19s	T25d	T25s	T37d	T37s	T43d	T43s	T49d	T49s	T55d	T55s	T61d	T61s	T67d	T67s	T71d	T71s	T75d	T75s	T79d	T79s	T04d	T04s	T16d	T16s	T10s	T22d	T22s	T28d	T28s	T34d	T34s	T40d	T40s	T46d	T46s	T51d	T51s	T58d	T58s	T64d	T64s	T69s	T73d	T73s	T77d	T77s	T81d	T81s
Rock.RCK	0	0	0	0	0	0	0	0	0	0	0	0	0	0	0	0	0	0	0	0	0	0	0	0	0	0	0	0	0	0	0	0	0	0	0	0	0	0	0	0	0	0	0	0	0	0	0	0	0	0	0	0	0	0	0	0
Sand.SND	22	0	4	0	0	0	0	0	4	0	0	0	0	0	0	0	0	0	1	0	0	0	7	0	161	34	14	85	44	12	82	28	0	58	13	23	63	4	0	1	0	0	0	0	0	0	0	4	0	0	0	1	0	0	0	4
Silt.SIL	0	0	0	0	0	0	0	0	0	0	0	0	0	0	0	0	0	0	0	0	0	0	0	0	0	0	0	0	0	0	1	0	0	0	0	0	0	0	0	0	0	0	0	0	0	0	0	0	0	0	0	0	0	0	0	0
Dead.coral.rock.CR	0	0	0	0	0	0	0	0	0	0	0	0	0	0	0	0	0	0	0	0	0	0	0	0	0	0	0	0	0	0	0	0	0	0	0	0	0	0	0	0	0	0	0	0	0	0	0	4	0	0	4	0	0	0	0	0
Rubble.RBL	0	0	0	0	0	0	0	0	0	0	0	0	0	0	0	0	0	0	0	0	0	0	0	0	0	0	0	0	0	0	0	0	0	4	0	0	0	0	0	0	0	0	0	0	0	0	0	0	0	0	0	0	0	0	0	0
Acanthastrea.ACANT	0	0	0	0	0	0	0	0	0	0	0	0	1	0	0	0	0	2	0	0	0	0	0	0	0	0	0	0	1	1	0	0	0	2	0	0	0	0	0	0	0	0	0	0	4	3	0	0	0	0	0	0	0	0	0	0
Acropora.arborescent.table.ACTA	0	0	0	0	0	0	0	0	0	0	0	0	0	0	0	0	0	0	0	0	0	0	0	0	0	0	0	0	0	0	0	0	0	0	0	0	0	0	0	0	0	0	0	0	0	0	0	0	0	0	0	0	0	0	0	0
Acropora.corymbose.ACO	0	21	0	18	0	0	0	0	0	0	0	0	0	0	0	3	1	14	0	0	0	0	0	0	0	4	0	0	0	15	0	0	0	0	0	0	0	0	0	0	0	0	0	11	3	0	0	0	0	0	0	0	0	0	0	3
Acropora.digitate.ACD	0	0	0	0	0	0	0	0	0	0	0	0	0	0	0	0	0	0	0	0	0	0	0	0	0	0	0	0	0	0	0	0	0	0	0	0	0	0	0	0	0	0	0	0	24	0	0	0	0	0	0	0	0	0	0	0
Acropora.juvenile.ARCJUV	0	0	0	0	0	0	0	1	0	0	0	0	0	0	1	0	2	0	0	0	0	0	0	0	1	1	0	4	0	8	1	1	1	0	1	0	0	1	0	0	0	0	8	0	1	0	2	0	0	1	0	4	1	0	1	0
Acropora.palifera.ACP	2	123	0	11	1	7	0	0	0	1	1	0	0	0	0	0	0	0	0	8	0	61	0	28	0	47	0	27	0	112	0	0	8	8	248	0	0	1	0	8	0	3	0	0	17	0	4	7	42	2	0	68	0	9	3	29
Acropora.recruit.ARCREC	0	0	0	0	0	0	0	0	1	0	0	0	0	0	1	0	0	1	0	1	0	0	0	0	0	0	0	0	0	4	0	0	0	0	0	0	0	0	0	0	0	0	0	0	0	0	4	0	0	0	0	0	1	0	1	0
Acropora.short.branching.stag.ACB	39	22	1	24	0	3	0	15	9	0	0	0	5	8	18	51	28	37	15	3	16	7	6	6	9	8	0	14	19	5	2	8	3	47	72	9	6	8	1	0	0	15	102	667	281	5	8	6	3	5	11	6	2	1	3	11
Acropora.staghorn.ACS	0	0	0	0	0	0	0	0	0	0	0	0	0	0	0	0	0	0	0	0	0	0	0	0	0	0	0	0	0	5	0	0	0	0	0	0	0	0	0	0	0	1	30	0	0	0	0	0	0	0	0	0	0	0	0	0
Acropora.tabular.ACT	0	4	0	0	0	0	0	0	0	0	0	0	0	0	0	0	0	0	0	0	0	0	0	0	0	0	0	0	0	0	17	0	0	0	0	0	0	0	0	0	0	7	27	96	0	0	0	0	0	0	0	0	0	0	0	0
Anomastrea.ANOM	0	0	0	0	0	0	0	0	0	0	0	0	0	0	0	0	0	0	0	0	0	0	0	0	0	1	0	0	0	0	0	0	0	0	0	0	0	0	0	0	0	0	2	0	0	0	0	0	0	0	0	3	0	0	0	0
Astreopora.ASTR	0	0	4	0	0	1	4	0	0	0	13	21	2	0	35	2	4	0	0	0	5	4	1	3	0	1	0	7	0	0	5	1	0	3	5	1	15	0	3	0	4	0	3	0	1	0	0	4	4	1	0	6	3	6	0	0
Branching.Hard.Coral.Unident.CB	0	0	0	0	0	0	0	0	0	0	0	0	0	0	0	0	0	0	0	0	0	0	0	0	0	0	0	0	0	0	0	0	0	0	0	0	0	0	0	0	0	0	0	0	0	0	0	0	0	0	0	0	0	0	0	0
Coscinaraea.COSC	0	0	0	0	0	3	1	1	0	0	2	2	3	0	0	0	0	0	0	0	0	0	0	2	0	0	0	0	0	0	0	0	0	0	0	0	1	1	0	0	0	1	0	0	0	0	0	0	0	1	0	0	0	0	0	0
Cycloseris.CYCL	0	0	0	0	0	0	0	0	0	0	0	0	0	0	0	0	1	0	0	0	0	0	0	0	0	0	0	0	0	0	0	0	0	0	0	0	0	0	0	0	0	0	0	0	0	0	0	0	0	0	0	0	0	0	0	0
Cynarina.CYAN	0	0	0	0	0	0	0	0	0	0	0	0	0	0	0	0	0	0	0	0	0	0	1	0	0	0	0	0	0	0	0	0	0	0	0	0	0	0	0	0	0	0	0	0	0	0	0	0	0	0	0	0	0	0	0	0
Cyphastrea.CYPH	0	0	0	0	1	0	0	1	0	0	0	0	1	0	0	0	0	3	0	0	0	0	0	0	1	0	0	0	1	0	0	0	0	0	0	1	0	6	0	0	0	0	0	0	0	0	0	0	0	0	2	0	1	0	0	1
Diaseris.DIAS	0	0	0	0	0	0	0	0	0	0	0	0	0	0	0	0	0	0	0	0	0	0	0	0	0	0	0	0	0	0	0	0	0	0	0	0	0	0	0	0	0	0	0	0	0	0	0	0	0	0	0	0	0	0	0	0
Echinophyllia.ECHIPH	0	0	0	0	0	0	0	0	0	0	0	0	0	0	0	0	0	0	0	0	0	0	0	0	0	0	0	0	0	0	0	0	0	0	0	0	0	0	0	0	0	0	0	0	0	0	0	0	1	0	0	0	2	0	0	0
Echinopora.ECHIO	29	30	4	5	0	4	11	7	1	14	0	0	2	0	0	0	5	22	15	0	47	6	10	1	10	12	8	0	8	7	13	8	0	61	72	0	8	19	0	12	0	30	1	2	2	11	10	0	0	0	9	1	16	6	5	15
Encrusting.Hard.Coral.Unident.CE	0	0	0	0	0	0	0	0	0	0	0	0	0	0	0	0	0	0	0	0	0	0	0	0	0	0	0	0	0	0	0	0	0	0	0	0	0	0	0	0	0	0	1	0	0	0	0	0	0	0	0	0	0	0	0	0
Favia.FAVA	4	1	2	0	0	1	4	4	1	1	0	3	1	0	0	0	3	0	5	1	2	5	3	3	2	1	8	3	1	7	3	2	0	16	2	0	32	2	0	8	0	12	0	0	1	4	1	2	3	0	7	0	15	0	18	6
Favites.FAVT	3	3	1	4	1	3	0	2	0	1	1	0	0	4	1	10	7	3	7	1	1	1	3	2	0	2	2	1	3	5	1	5	0	2	4	3	4	10	0	21	5	3	8	0	43	12	8	10	8	2	2	3	9	1	1	6
Foliose.Hard.Coral.Unident.CF	0	0	0	0	0	0	0	0	0	0	0	0	0	0	0	0	0	0	0	0	0	0	0	0	0	0	0	0	0	0	0	0	0	0	0	0	0	0	0	0	0	0	0	0	0	0	0	0	0	0	0	0	0	0	0	0
Fungia.FUNG	0	0	1	0	0	0	0	0	0	2	0	0	0	0	0	0	1	0	0	0	1	0	0	0	0	0	0	0	0	0	0	9	0	0	0	0	0	0	0	1	0	0	0	1	0	1	0	2	1	0	0	0	1	3	3	0
Galaxea.astreata.GALA	0	0	0	0	0	0	0	0	0	0	0	0	0	0	0	0	0	0	0	0	0	0	0	0	0	0	0	0	0	0	0	3	0	0	0	0	0	0	0	0	0	0	0	0	0	0	0	0	0	0	0	0	0	0	0	0
Galaxea.fascicularis.GALF	3	0	0	0	0	0	0	0	0	0	0	0	0	0	0	0	1	2	1	2	0	0	0	0	1	0	0	1	0	7	0	0	0	2	0	0	0	0	0	0	0	7	0	0	0	0	0	1	0	0	0	0	0	0	2	0
Gardineroseris.GARD	4	0	0	0	0	0	0	0	0	0	0	0	0	0	0	0	0	0	1	0	0	0	0	0	0	0	0	1	0	0	0	2	0	8	0	0	0	0	0	0	0	24	0	0	0	0	0	0	0	0	1	0	4	0	2	2
Goniastrea.GONIA	7	2	1	0	0	4	13	1	2	6	0	0	0	0	10	0	9	0	13	0	12	7	9	10	7	1	17	10	13	3	6	10	0	21	2	0	0	0	0	0	0	5	0	0	13	3	20	1	1	0	14	2	24	0	5	4
Goniopora.GONP	0	0	0	0	0	0	0	0	0	0	0	0	0	0	0	0	1	0	0	0	0	0	0	0	0	0	0	0	2	0	0	0	0	0	1	0	10	0	0	2	0	6	49	0	0	1	0	0	0	0	0	0	0	0	0	0
Halomitra.HALOM	0	0	0	0	0	0	0	0	0	0	0	0	0	0	0	0	0	0	0	0	0	0	0	0	0	0	0	0	0	0	0	0	0	0	0	0	0	0	0	0	0	0	0	0	0	0	0	0	0	0	7	0	0	0	0	0
Herpolitha.HERP	0	0	0	0	1	0	0	0	0	0	0	0	0	0	0	0	0	0	0	0	0	0	0	0	0	0	0	0	0	1	0	0	0	0	0	0	1	0	0	0	0	90	0	0	5	6	2	0	0	0	0	0	0	0	0	0
Hydnophora.HYDN	0	0	0	0	0	1	6	0	0	1	0	0	0	0	10	0	1	1	2	0	0	0	8	4	0	0	0	15	13	1	3	3	0	5	12	0	11	1	2	4	12	10	8	1	9	11	0	3	4	7	14	0	2	0	0	3
Leptastrea.LEPT	4	2	0	4	1	5	11	2	6	3	1	1	0	5	1	10	9	12	6	0	0	9	2	9	2	1	2	1	0	2	0	1	0	0	12	0	0	0	0	0	0	2	0	0	1	0	18	0	4	2	0	5	3	5	2	0
Leptoria.LEPTO	0	4	0	0	0	0	5	1	0	0	0	0	0	0	1	7	6	2	1	3	0	4	0	3	0	8	0	15	0	0	0	0	0	0	0	0	2	0	0	0	0	0	0	0	0	0	0	0	0	0	0	18	0	5	0	3
Leptoseris.LPTOS	0	0	0	0	0	0	1	0	0	0	0	0	1	0	0	0	0	0	1	0	0	0	0	0	0	0	0	0	0	0	0	0	0	0	0	0	0	0	0	0	0	0	0	0	0	0	0	0	0	0	0	0	0	0	0	0
Lobophyllia.LOBOP	10	0	0	0	0	0	0	0	0	0	0	0	0	0	0	0	0	0	19	3	24	0	12	0	0	0	0	0	0	0	0	0	0	2	1	0	0	0	0	0	0	0	0	0	0	0	0	0	0	0	28	1	23	0	0	0
Massive.Hard.Coral.Unident.CM	0	0	0	0	0	0	0	0	0	0	0	0	0	0	0	0	0	0	1	0	0	0	0	0	0	0	0	0	0	0	0	0	0	0	0	0	0	0	0	0	0	8	0	0	0	0	0	0	0	0	0	0	0	0	0	0
Merulina.MER	0	0	0	0	0	0	0	0	0	0	0	0	0	0	0	0	0	0	0	0	0	0	0	0	0	0	0	0	0	0	0	0	0	0	0	0	0	0	0	0	0	0	0	0	0	0	0	0	0	0	3	0	0	0	0	0
Micromussa.MICRO	0	0	0	0	0	0	0	0	0	0	0	0	0	0	0	0	0	0	0	0	0	0	0	0	0	0	0	0	0	0	0	1	0	2	0	0	0	0	0	0	0	7	0	0	0	0	5	0	0	0	0	0	0	0	0	0
Montastrea.MONTA	4	1	0	0	0	1	0	0	0	0	0	0	0	0	3	0	0	0	0	0	0	0	2	1	1	0	0	0	0	0	0	0	0	0	0	0	0	0	0	0	0	0	0	0	0	0	0	0	0	0	0	2	0	0	0	0
Montipora.branching.MNTB	0	0	0	0	0	0	0	0	0	0	0	0	0	0	0	0	0	0	0	0	0	0	0	0	0	0	0	0	10	3	0	7	0	0	10	8	77	3	15	12	6	6	5	10	8	0	22	0	9	0	0	0	0	0	0	0
Montipora.encrusting.MNTE	0	8	2	7	0	8	0	1	0	11	0	8	3	14	12	15	1	28	4	40	0	5	0	10	1	4	1	2	0	0	0	0	0	0	0	0	0	1	0	0	0	4	0	0	0	0	0	0	0	0	3	27	9	4	5	6
Mycedium.MYC	0	0	0	0	0	0	1	0	0	0	0	0	0	0	0	0	1	0	5	0	0	0	1	0	0	0	0	0	0	0	0	0	0	0	0	0	0	0	0	0	0	13	0	0	0	0	0	0	0	0	19	0	0	0	0	0
Oulophyllia.OULO	0	0	0	0	0	0	0	0	0	0	0	0	0	0	0	0	0	0	1	0	0	0	0	0	0	0	0	0	0	0	0	0	0	0	0	0	0	0	0	0	0	0	0	0	0	0	0	0	0	0	0	0	0	0	0	0
Oxypora.OXYP	0	0	0	0	0	0	0	0	0	0	0	0	0	0	0	0	0	0	0	0	0	0	0	0	0	0	0	0	0	0	6	0	0	0	0	0	0	0	0	0	0	14	0	0	0	0	0	0	0	0	0	0	0	0	0	0
Pachyseris.PACH	0	0	0	0	0	0	0	0	0	0	0	0	0	0	0	0	0	0	0	0	0	0	0	0	0	0	0	0	0	2	0	2	0	4	6	0	5	2	0	0	0	19	8	3	0	3	12	1	2	0	0	0	1	0	0	0
Pavona.PAV	2	4	6	1	0	0	2	1	1	0	0	0	2	0	2	2	7	2	4	3	2	12	0	13	2	0	2	6	0	0	0	0	0	0	0	0	0	0	0	0	0	0	0	0	0	0	0	0	0	0	2	29	15	6	13	3
Pectinia.PECT	0	0	0	0	0	0	0	0	0	0	0	0	0	0	0	0	0	0	0	0	0	0	0	0	0	0	0	0	0	0	14	0	0	0	0	0	0	0	0	0	0	3	0	0	0	0	0	0	0	0	0	0	0	0	0	0
Physogyra.PHYS	0	0	1	0	0	0	0	0	0	0	0	0	0	0	0	0	0	0	0	0	0	0	43	0	0	0	0	0	2	0	0	3	0	4	4	1	1	2	0	3	0	0	0	0	7	11	0	0	0	0	68	0	5	0	0	0
Platygyra.PLATY	0	1	2	8	0	1	4	2	1	0	0	0	0	0	0	0	4	0	1	0	0	0	1	0	0	0	2	0	0	0	0	0	0	1	1	0	0	0	0	0	0	0	0	0	0	0	0	0	0	0	0	2	2	0	8	1
Plesiastrea.PLES	3	1	0	0	0	1	0	1	0	0	0	0	0	0	5	0	0	1	0	0	0	0	0	0	0	0	0	0	0	0	0	0	0	0	0	0	0	0	0	0	0	0	0	0	0	0	0	0	0	0	0	0	0	0	0	0
Pleurogyra.PLEU	0	0	0	0	0	0	0	0	0	0	0	0	0	0	0	0	0	0	0	0	0	0	0	0	0	0	0	0	3	5	0	1	1	4	5	0	5	7	0	3	1	21	1	1	2	10	3	3	9	5	0	0	0	0	0	0
Pocillopora.damicornis.POCD	4	3	15	5	2	1	1	0	7	0	0	2	0	0	0	1	3	1	1	0	6	1	2	4	16	4	10	3	0	15	0	4	0	20	2	0	0	3	0	4	17	0	0	0	4	1	6	3	0	0	8	1	13	0	9	1
Pocillopora.eydouxi.POCE	7	2	0	6	0	0	0	1	0	4	0	3	0	0	0	0	1	6	0	0	0	1	0	0	0	0	0	0	0	0	0	2	0	3	0	0	0	48	2	0	0	0	2	0	12	4	0	0	0	5	1	3	6	2	0	0
Pocillopora.indiana.POCI	0	0	0	1	0	0	0	0	2	5	0	0	0	0	0	0	2	3	0	0	0	11	0	0	2	0	0	0	0	0	0	0	0	0	0	0	0	0	0	0	0	0	0	0	0	0	0	0	0	0	3	0	0	0	0	3
Pocillopora.other.POCO	0	0	0	0	0	0	0	0	0	0	0	0	0	0	0	0	0	0	0	0	0	0	0	0	0	0	0	0	13	9	2	2	1	9	8	0	0	4	6	0	10	0	4	0	1	3	0	0	0	1	0	0	0	0	0	0
Pocillopora.verrucosa.POCV	5	6	0	6	0	2	3	2	5	2	0	0	0	1	0	0	3	1	0	0	0	4	3	0	2	8	2	0	0	0	1	0	0	0	0	0	0	0	0	0	0	0	0	0	0	0	0	0	0	0	4	1	1	3	0	9
Podabacia.PODA	0	0	0	0	0	0	0	0	0	0	0	0	0	0	0	0	0	0	0	0	0	0	0	0	0	0	0	0	6	23	6	40	0	46	40	1	29	0	0	10	0	31	28	7	0	2	6	0	21	0	0	0	0	0	0	0
Porites.branching.PORB	16	20	7	13	2	6	29	10	7	20	18	0	1	4	2	1	31	6	11	10	18	58	1	9	6	16	27	32	65	13	11	74	6	66	65	52	20	12	8	43	50	40	26	11	6	6	0	11	18	17	1	12	15	27	47	50
Porites.massive.PORM	34	22	6	14	0	5	48	10	9	18	1	6	10	5	25	9	38	8	7	18	13	10	6	28	41	35	14	83	0	0	1	0	0	0	0	1	0	0	0	0	0	0	0	0	0	0	0	0	0	0	0	42	6	0	32	89
Psammocora.PSAM	0	0	2	0	1	0	0	0	0	0	0	0	0	0	0	0	0	0	0	0	0	0	0	0	0	0	1	0	0	0	0	0	0	0	0	0	0	0	0	0	0	0	0	0	0	0	0	0	0	0	0	0	1	0	0	0
Seriatopora.SERI	0	0	0	0	0	0	0	0	0	0	0	0	0	0	0	0	0	0	0	0	0	0	0	0	0	0	0	0	0	0	0	0	0	0	0	0	0	0	0	0	0	0	0	0	0	0	0	0	0	0	0	0	0	0	0	0
Stylocoeniella.STYLA	0	0	0	0	0	0	0	0	0	0	0	0	0	0	0	0	0	0	0	0	0	0	0	0	0	0	0	0	0	15	0	2	0	0	16	0	6	0	0	3	0	0	0	0	0	0	2	0	6	0	0	0	0	0	0	0
Stylophora.STYL	0	9	0	2	0	1	0	6	0	13	0	0	0	0	0	0	0	0	0	3	0	4	1	3	0	0	0	0	2	0	0	0	0	0	0	0	0	0	0	0	0	0	0	0	0	0	0	0	0	0	0	0	0	3	0	0
Symphyllia.SYMP	0	0	0	0	0	0	0	0	0	0	0	0	0	0	0	0	0	0	0	0	0	0	0	0	0	0	1	0	0	0	0	0	0	0	0	0	0	0	0	0	0	0	0	0	0	0	0	0	0	0	0	22	0	0	0	0
Tubastrea.TUBAS	0	0	0	0	0	0	0	0	1	4	0	0	0	0	0	0	0	0	0	0	0	0	0	0	0	0	0	0	0	0	0	0	0	0	0	11	2	0	0	0	0	0	0	0	0	0	0	0	0	0	0	0	0	0	0	0
Turbinaria.TURB	0	0	0	0	0	0	0	1	0	0	0	5	0	0	5	0	8	5	0	0	0	0	5	0	0	0	0	0	0	11	0	0	0	0	0	0	0	0	0	0	0	0	0	0	0	0	0	0	0	0	0	0	0	0	0	0
Unkown.coral.UNK	0	0	0	0	0	0	0	0	0	0	0	0	0	0	0	0	0	0	0	0	0	0	0	0	0	0	0	0	0	0	0	0	0	0	0	0	0	0	0	0	0	0	0	0	0	0	0	0	0	0	0	0	0	0	0	0
Millepora.MILL	1	4	5	5	1	39	7	25	23	32	22	1	0	11	0	7	0	1	1	0	0	6	0	5	0	0	0	0	0	0	0	0	0	0	0	0	0	0	0	0	0	0	0	0	0	0	0	0	0	0	1	6	0	6	0	2
Gorgonia.GORG	0	0	0	0	0	0	0	0	0	0	0	0	0	0	0	0	0	0	0	0	0	0	0	0	0	0	0	0	0	0	0	0	0	0	0	0	0	0	0	0	0	0	0	0	0	0	0	0	0	0	0	0	0	0	0	0
Heliopora.HELIO	0	0	0	0	0	0	0	0	0	0	0	0	0	0	0	0	0	0	0	0	0	0	0	0	0	0	0	0	31	10	40	36	0	12	2	4	4	7	92	55	25	0	8	3	25	34	25	43	4	3	0	0	0	0	0	0
Other.soft.corals.SCOT	4	1	13	3	0	49	18	154	2	57	47	9	10	17	19	30	24	33	57	36	11	27	9	17	8	0	29	2	61	4	7	87	0	223	12	0	0	0	0	125	0	11	5	0	0	135	0	116	16	0	9	0	21	12	32	11
Rhytisma.RHYT	112	10	62	6	15	55	54	35	4	0	1	0	0	0	0	0	61	0	71	1	97	34	90	48	51	1	92	6	63	0	53	6	0	3	0	0	0	0	0	4	0	0	0	4	0	15	0	0	0	0	120	19	59	109	128	8
Sarcophyton.SARC	5	0	0	0	0	1	64	0	4	3	0	0	2	0	0	0	9	0	7	0	7	0	1	1	1	0	1	0	0	0	0	0	0	0	0	0	8	0	0	0	0	0	0	5	0	0	0	0	0	0	0	0	0	0	0	0
Tubipora.musica.TUBMUS	0	0	0	0	0	0	0	0	0	0	0	0	0	0	0	0	0	0	0	0	0	0	0	0	0	0	0	0	0	0	0	0	0	0	0	0	0	0	0	0	0	0	0	0	0	0	0	0	0	0	0	0	0	0	0	0
Palythoa.sp..PALYT	1	0	0	0	0	0	0	0	0	0	0	0	0	0	0	0	0	0	0	0	0	0	0	0	0	0	0	0	0	0	0	0	0	0	0	0	0	0	0	0	0	0	0	0	0	0	0	0	0	0	0	0	0	0	0	0
Protopalythoa.sp..PROTP	0	0	0	0	0	0	0	0	0	0	0	0	0	0	0	0	0	0	0	0	0	0	0	0	0	0	0	0	0	0	0	0	0	0	0	0	0	0	0	0	0	0	0	0	0	0	0	0	0	0	0	0	0	0	0	0
Zoanthus.sp..ZOAN	0	0	0	0	0	0	1	0	0	0	0	0	0	0	0	0	0	0	0	0	0	0	0	0	0	0	0	0	0	0	0	0	0	0	0	0	0	0	0	0	0	0	0	0	0	0	0	0	0	0	0	0	0	0	0	0
Discosoma.sp..DISCO	0	0	0	0	0	0	0	0	0	0	0	0	0	0	0	0	0	0	0	0	0	0	0	0	0	0	0	0	0	0	0	0	0	0	0	0	0	0	0	0	0	0	0	0	0	0	0	0	0	0	0	0	0	0	0	0
Hydrozoan.HYD	0	0	0	0	0	1	1	0	0	0	0	0	0	0	0	0	0	0	0	0	0	0	0	0	0	0	0	0	0	0	0	0	0	0	0	0	0	0	0	0	0	0	0	0	0	0	0	0	0	0	0	0	1	1	0	0
Ascidian.ASC	1	0	0	0	0	0	1	0	0	0	0	0	1	2	0	0	0	2	0	0	1	0	0	0	1	0	0	0	0	0	0	0	0	0	0	0	0	0	0	0	0	0	0	0	0	0	0	0	0	0	1	0	0	0	2	1
Dead.standing.hard.coral.recent./.white.DC	0	0	0	0	0	0	0	0	0	0	0	0	0	0	0	0	0	0	0	0	0	0	0	0	0	0	0	0	0	0	0	0	0	0	0	0	0	0	0	0	0	0	0	0	0	0	0	0	0	0	0	0	0	0	0	0
Fine.turf.algae.TA	0	0	0	0	0	0	0	0	0	0	0	1	0	1	0	0	0	0	0	0	0	0	1	0	0	0	0	0	234	282	427	441	70	290	125	528	335	421	203	463	411	309	433	81	434	162	320	223	144	180	0	0	0	0	0	0
Fine.turf.algae.on.dead.coral.rock.CRTA	139	165	247	350	347	272	163	115	349	251	86	62	107	246	251	297	158	275	204	359	119	207	242	275	139	299	174	177	8	8	4	3	2	5	8	0	1	24	0	1	0	9	39	13	15	1	3	7	1	2	127	196	165	238	122	209
Fine.turf.algae.on.dead.standing.coral.DCTA	5	5	4	1	2	0	3	0	2	4	0	1	1	1	6	1	1	0	2	0	0	0	2	2	1	0	19	0	200	9	60	38	0	6	7	2	0	46	0	13	0	86	30	3	23	38	0	32	0	0	7	1	3	4	1	2
Fine.turf.algae.on.rubble.RBTA	7	10	94	2	78	4	7	0	20	8	1	0	6	0	16	0	9	1	21	0	54	0	16	3	4	2	26	0	0	0	0	0	0	0	0	0	0	0	0	0	0	0	0	0	0	0	0	0	0	0	0	1	0	6	25	7
Coralline.algae.CA	2	4	0	1	1	7	0	14	4	23	1	0	0	1	0	0	0	0	0	1	0	0	0	2	0	0	0	0	0	0	0	0	0	0	0	0	0	0	0	0	0	0	0	0	0	0	0	0	0	0	6	16	4	1	0	0
Algal.assemblage.AA	0	0	0	0	0	0	0	0	0	0	0	0	0	0	0	0	0	0	0	0	0	0	0	0	0	0	0	0	106	226	114	87	33	25	185	22	140	65	71	12	35	74	8	0	1	0	0	2	0	0	0	0	0	0	0	0
Algal.assemblage.on.dead.coral.rock.CRAA	3	11	6	2	0	1	11	0	9	0	6	9	26	64	18	2	4	2	2	6	1	1	1	1	6	6	3	3	1	4	7	4	1	0	5	0	0	16	9	0	0	0	0	0	0	0	0	0	0	0	4	0	3	1	5	2
Algal.assemblage.on.dead.standing.coral.DCAA	0	0	0	0	0	0	0	0	0	0	0	0	4	0	0	0	0	0	0	0	0	0	0	0	0	0	0	0	20	1	2	7	0	0	17	0	0	0	0	0	0	4	0	0	1	0	0	0	0	0	0	0	0	0	0	0
Algal.assemblage.on.rubble.RBAA	0	0	0	0	0	0	0	0	0	1	1	0	3	0	2	0	1	0	0	0	1	0	0	0	0	1	0	0	0	0	0	0	0	0	0	0	0	0	0	0	0	0	0	0	0	0	0	0	0	0	0	0	0	0	3	0
Chlorophyte.macroalgae.CHLO	1	0	0	0	0	0	0	0	0	0	0	0	0	0	0	0	0	0	0	0	0	0	0	0	0	0	0	0	0	0	0	0	0	0	0	0	0	0	0	0	0	0	0	0	0	0	0	0	0	0	0	0	0	0	0	0
Phaeophyte.macroalgae.PHAEO	0	0	0	0	0	0	0	0	0	0	0	0	0	0	0	0	0	0	0	0	0	0	1	0	0	0	0	0	0	0	0	0	0	0	0	0	0	0	103	0	17	2	12	16	0	0	0	1	0	0	0	0	0	0	0	2
Rhodophyte.macroalgae.RHODO	1	0	0	0	0	0	2	0	1	0	1	0	8	3	3	0	0	0	5	0	6	1	1	0	0	0	1	0	0	0	0	0	0	0	0	0	0	0	0	0	0	0	0	0	0	0	0	0	0	0	0	0	1	0	1	2
Halimeda.discoidea.big.HALD	0	0	0	0	3	0	0	0	1	1	4	4	5	0	0	0	0	0	0	0	0	0	0	0	13	1	15	0	3	0	27	9	65	0	0	188	111	66	328	52	297	1	0	19	35	0	0	8	181	38	0	0	42	2	11	1
Halimeda.opuntia.small.HALO	0	0	0	0	35	4	14	9	1	11	288	362	264	93	51	0	29	0	5	0	37	14	0	0	0	0	0	0	0	0	0	0	0	0	0	0	0	0	0	0	0	0	0	0	0	0	0	0	0	0	0	0	4	36	3	0
Cyanophytes.CYB	0	0	0	0	0	0	0	0	0	0	0	0	0	0	0	0	0	0	0	0	0	0	0	0	0	0	0	0	0	0	0	0	0	0	0	0	0	0	0	0	0	0	0	0	0	0	0	0	0	0	0	0	0	0	0	0
Cymodocea.serrulata.SGCYM	0	0	0	0	0	0	0	0	0	0	0	0	0	0	0	0	0	0	0	0	0	0	0	0	0	0	0	0	0	0	0	0	0	0	0	0	0	0	0	0	0	0	0	0	0	0	0	0	0	0	0	0	0	0	0	0
Halodule.uninervis.SGHADU	0	0	0	0	0	0	0	0	0	0	0	0	0	0	0	0	0	0	0	0	0	0	0	0	0	0	0	0	0	0	0	0	6	0	0	0	0	0	1	0	0	0	0	0	0	0	0	0	0	0	0	0	0	0	0	0
Halophila.ovalis.SGHALO	0	0	0	0	0	0	0	0	0	0	0	0	0	0	0	0	0	0	0	0	0	0	0	0	0	0	0	0	0	0	0	0	0	0	0	0	0	0	0	0	0	0	0	0	0	0	0	0	0	0	0	0	0	0	0	0
Other.seagrass.SGOT	0	0	0	0	0	0	0	0	0	0	0	0	0	0	0	0	0	0	0	0	0	0	0	0	0	0	0	0	0	0	35	2	3	0	0	0	0	0	1	0	1	0	5	0	0	0	0	3	0	0	0	0	0	0	0	0
Seagrass.detritus.SGDET	0	0	1	1	2	0	2	0	2	0	0	0	2	0	0	0	0	0	2	0	0	0	0	2	0	0	0	0	0	0	0	0	754	0	0	0	0	0	112	0	0	0	0	0	0	0	0	0	0	0	0	0	1	0	0	0
Thalassodendron.ciliatum.SGTHAL	0	0	0	0	0	0	0	0	0	0	0	0	0	0	0	0	0	0	0	0	0	0	0	0	0	0	0	0	0	0	0	0	0	0	0	0	0	0	0	0	0	0	0	0	0	0	0	0	0	0	0	0	0	0	0	0
Grey.encrusting.sponge.SPG	0	0	0	0	0	0	0	0	0	0	0	0	0	0	0	0	0	0	0	0	0	0	0	0	0	0	0	0	22	2	16	0	1	13	2	62	0	7	0	2	0	0	1	11	2	7	2	1	2	0	1	0	0	0	0	0
Red.encusting.sponge.SPR	12	0	8	0	5	0	8	2	20	2	0	0	2	0	1	0	0	1	1	1	0	0	6	1	10	0	14	0	0	0	0	0	0	3	0	0	0	0	0	0	0	2	0	0	0	0	0	0	0	0	11	1	6	0	4	0
Sponge.SP	0	0	0	0	0	0	0	0	0	0	0	0	0	0	0	0	8	0	0	0	5	0	0	0	0	0	0	0	0	0	0	0	0	0	0	0	0	0	0	0	0	0	0	0	0	0	0	0	0	0	0	0	0	0	0	0
Sponge.foliose.SPF	0	0	0	0	0	0	0	0	0	0	0	0	0	0	0	0	0	0	0	0	0	0	0	0	0	0	0	0	0	0	0	0	0	0	0	0	0	0	0	0	0	0	0	0	0	0	0	0	0	0	0	0	0	0	0	0
Sponge.massive.SPM	0	0	0	0	0	0	0	0	0	0	0	0	0	0	0	0	0	0	0	0	0	0	0	0	0	0	0	0	4	0	0	0	0	0	0	0	0	0	0	0	0	0	0	0	0	0	0	0	0	0	0	0	0	0	0	0
Sponge.vase.SPV	0	0	0	0	0	0	0	0	0	0	0	0	0	0	0	0	0	0	0	0	0	0	0	0	0	0	0	0	0	0	0	0	0	0	0	0	0	0	0	0	0	0	0	0	0	0	0	0	0	0	0	0	0	0	0	0
Anemone.ANE	0	0	0	0	0	0	0	0	0	0	0	0	0	0	0	0	0	0	0	0	0	0	1	1	0	1	0	0	0	0	0	0	0	0	0	0	0	0	0	0	0	0	0	0	0	0	0	0	0	0	0	0	0	1	0	0
Holothurian.HOLO	0	0	0	0	0	0	0	0	0	0	0	0	0	0	0	0	0	0	0	0	0	0	0	0	0	0	1	0	0	0	0	0	0	0	0	0	0	0	0	0	0	0	0	0	0	0	0	0	0	0	0	0	0	0	0	2
Mollusc.MOL	0	0	0	0	0	0	0	0	0	0	0	0	0	0	0	0	0	0	0	0	0	0	0	0	0	0	0	0	0	0	0	0	0	0	1	0	0	0	0	6	0	0	0	0	0	0	0	0	0	0	0	0	0	0	0	0
Tridacna.TRID	0	0	0	0	0	0	0	1	0	0	0	0	0	0	0	0	0	0	0	0	0	0	0	2	0	0	0	0	0	0	0	0	0	0	1	0	0	0	2	0	0	1	2	0	0	0	2	0	0	0	0	0	0	0	0	2
Unidentified.UID	0	0	0	0	0	0	0	0	1	0	0	0	0	0	0	0	0	0	0	0	0	0	0	0	0	0	0	0	0	0	0	0	0	0	0	0	0	0	0	0	0	0	0	0	0	0	0	0	0	0	0	0	0	0	1	0
Urchin.URCH	0	0	0	0	0	0	0	0	0	0	0	0	0	3	0	0	0	0	0	0	0	0	0	0	0	1	1	0	0	0	0	0	0	0	0	0	0	0	0	0	0	0	0	0	0	0	0	0	0	0	0	0	0	0	0	0
